0 4685 1.272820264348367 5.963162938472099 1
1 2660 0.860110684387626 2.287894420471085 1
2 3370 0.8204439266173874 2.764896032700596 1
3 2710 0.8231053473543255 2.230615491330222 1
4 3813 0.7558694698389035 2.882130288495739 1
5 2160 0.8223599517581084 1.7762974957975142 1
6 4100 0.8507784359001747 3.488191587190716 1
7 3415 0.7611016333968182 2.5991620780501346 1
8 3940 0.7681362991246021 3.0264570185509325 1
9 4165 0.7502337136836864 3.124723417492554 1
10 2790 0.8276364280591555 2.309105634285044 1
11 3120 0.8307579555041922 2.5919648211730797 1
12 3730 0.8016455005543994 2.9901377170679098 1
13 3765 0.8053294389870375 3.0320653377861957 1
14 3640 0.7801143704999619 2.839616308619861 1
15 4645 0.8215776590984771 3.8162282265124263 1
16 3040 0.8163964203571201 2.481845117885645 1
17 3770 0.7537004524837831 2.8414507058638625 1
18 3625 0.8139322180606868 2.95050429046999 1
19 2435 0.8242028714419984 2.006933991961266 1
0 2315 1.8241213100798066 4.222840832834752 5
1 4200 0.739911327662258 3.1076275761814838 5 
2 4025 0.7735315037065288 3.113464302418778 5
3 4050 0.7634286065110091 3.091885856369587 5 
4 3250 0.7762825309671156 2.5229182256431257 5
5 3076 0.7977600653885346 2.4539099611351327 5
6 3510 0.8065652515413793 2.831044032910241 5 
7 3454 0.7976204021876117 2.7549808691560105 5
8 3915 0.772155281722334 3.0229879279429377 5 
9 3995 0.7721752650778585 3.084840183986045 5
0 2315 1.8241213100798066 4.222840832834752 5 
1 4200 0.739911327662258 3.1076275761814838 5 
2 4025 0.7735315037065288 3.1134643024187785 5
3 4050 0.7634286065110091 3.091885856369587 5 
4 3250 0.7762825309671156 2.5229182256431257 5
5 3076 0.7977600653885346 2.4539099611351327 5
6 3510 0.8065652515413793 2.831044032910241 5
7 3454 0.7976204021876117 2.7549808691560105 5
8 3915 0.772155281722334 3.0229879279429377 5
9 3995 0.7721752650778585 3.084840183986045 5
10 4845 0.7942947490275406 3.848358059038434 10 
11 3845 0.7684535016258492 2.9547037137513903 10
12 5040 0.7905915119488335 3.984581220222121 10
13 4655 0.7721467873135641 3.594343294944641 10
14 4360 0.800095938054759 3.488418289918749 10
15 4530 0.7849058195233154 3.5556233624406186 10 
16 4480 0.7674380686499769 3.438122547551896 10 
17 4465 0.798186135261134 3.563901093940963 10 
18 4539 0.8131905949105294 3.691072110298893 10 
19 4427 0.7316412807903145 3.2389759500587223 10
10 4845 0.7942947490275406 3.848358059038434 10
11 3845 0.7684535016258492 2.9547037137513903 10
12 5040 0.7905915119488335 3.984581220222121 10 
13 4655 0.7721467873135641 3.594343294944641 10 
14 4360 0.800095938054759 3.488418289918749 10 
15 4530 0.7849058195233154 3.5556233624406186 10 
16 4480 0.7674380686499769 3.438122547551896 10 
17 4465 0.798186135261134 3.563901093940963 10 
18 4539 0.8131905949105294 3.691072110298893 10 
19 4427 0.7316412807903145 3.2389759500587223 10 
20 4619 0.7717885745196861 3.56489142570643 15
21 5160 0.8072403810781698 4.165360366363355 15 
22 5045 0.7953810759072666 4.0126975279521595 15
23 5140 0.7965250804743651 4.094138913638237 15
24 5130 0.7961351715221011 4.084173429908379 15
25 5020 0.7835230255301098 3.9332855881611515 15
26 4792 0.7774781710881108 3.7256753958542266 15
27 4967 0.8049768920034709 3.9983202225812398 15
28 5048 0.8143970654388522 4.111076386335326 15
29 5053 0.7741642095056659 3.91185175063213 15
20 4619 0.7717885745196861 3.56489142570643 15 
21 5160 0.8072403810781698 4.165360366363355 15
22 5045 0.7953810759072666 4.0126975279521595 15
23 5140 0.7965250804743651 4.094138913638237 15
24 5130 0.7961351715221011 4.084173429908379 15
25 5020 0.7835230255301098 3.9332855881611515 15
26 4792 0.7774781710881108 3.7256753958542266 15
27 4967 0.8049768920034709 3.9983202225812398 15
28 5048 0.8143970654388522 4.111076386335326 15
29 5053 0.7741642095056659 3.91185175063213 15
30 2955 0.9098495336879989 2.6886053720480367 20
31 4730 0.8156747561912818 3.8581415967847628 20 
32 5155 0.8302382087029042 4.279877965863471 20
33 5348 0.8207913438039058 4.389592106663288 20 
34 4925 0.8502201365278307 4.1873341723995665 20 
35 6548 0.820440425460688 5.3722439059165845 20 
36 4752 0.8207491017518136 3.900199731524618 20 
37 5159 0.8149906161811227 4.204536588878412 20 
38 5000 0.8284691161835677 4.142345580917839 20 
39 5309 0.8181765423080446 4.343699263113409 20 
30 2955 0.9098495336879989 2.6886053720480367 20 
31 4730 0.8156747561912818 3.8581415967847628 20 
32 5155 0.8302382087029042 4.279877965863471 20 
33 5348 0.8207913438039058 4.389592106663288 20 
34 4925 0.8502201365278307 4.1873341723995665 20
35 6548 0.820440425460688 5.3722439059165845 20
36 4752 0.8207491017518136 3.900199731524618 20 
37 5159 0.8149906161811227 4.204536588878412 20 
38 5000 0.8284691161835677 4.142345580917839 20 
39 5309 0.8181765423080446 4.343699263113409 20
40 5660 0.80739383176027 4.569849087763129 25
42 9735 0.5099720396419444 4.964577805914328 25
43 4020 0.9788886193562455 3.935132249812107 25
44 4340 0.9461481730217405 4.106283070914354 25
45 5175 0.913452319983001 4.727115755912032 25
46 7034 0.8856468015376586 6.229639602015891 25
47 4261 0.9392545359081683 4.002163577504705 25
48 4605 0.9334172405654925 4.298386392804093 25
49 3440 0.9553194168150123 3.2862987938436423 25
40 5660 0.80739383176027 4.569849087763129 25
42 9735 0.5099720396419444 4.964577805914328 25
43 4020 0.9788886193562455 3.935132249812107 25
44 4340 0.9461481730217405 4.106283070914354 25
45 5175 0.913452319983001 4.72711575591203 25
46 7034 0.8856468015376586 6.229639602015891 25
47 4261 0.9392545359081683 4.002163577504705 25
48 4605 0.9334172405654925 4.298386392804093 25
49 3440 0.9553194168150123 3.2862987938436423 25
48 4605 0.9334172405654925 4.298386392804093 25
49 3440 0.9553194168150123 3.2862987938436423 25
50 5370 0.9627417865822601 5.169923393946736 30
51 4455 0.9434792405945909 4.2032000168489025 30 
52 4351 0.9426183492426949 4.101332437554966 30 
53 5332 0.9073499665796562 4.837990021802727 30 
54 5120 0.9407347925056522 4.816562137628939 30 
55 5305 0.9317451001576178 4.9429077563361625 30 
56 5175 0.9684939031296795 5.011955948696092 30 
57 5715 0.9536771405183239 5.450264858062221 30 
58 5505 0.8934525395918387 4.918456230453072 30 
59 4765 0.9791573594241588 4.665684817656117 30
50 5370 0.9627417865822601 5.16992339394673 30
51 4455 0.9434792405945909 4.2032000168489025 30 
52 4351 0.9426183492426949 4.101332437554966 30 
53 5332 0.9073499665796562 4.837990021802727 30 
54 5120 0.9407347925056522 4.816562137628939 30 
55 5305 0.9317451001576178 4.9429077563361625 30 
56 5175 0.9684939031296795 5.011955948696092 30
57 5715 0.9536771405183239 5.450264858062221 30 
58 5505 0.8934525395918387 4.918456230453072 30
59 4765 0.9791573594241588 4.665684817656117 30
20 9558 0.9483288741252847 9.06412737888947 35
21 5945 0.9698354854230499 5.765671960840032 35
22 5760 0.9791382799101047 5.639836492282203 35
23 5950 0.9366941417002408 5.573330143116433 35
24 6020 0.9222527740480221 5.551961699769093 35
25 5767 0.9518597964048973 5.489375445867043 35
26 5685 0.9793325429376203 5.567505506600371 35
27 5050 1.0595011398933138 5.350480756461235 35
28 5065 1.032645503433739 5.230349474891887 35
29 4415 1.0864627287465127 4.796732947415854 35
30 5284 1.0063831585247922 5.317728609645002 35
31 4895 1.0709253155468899 5.242179419602025 35
32 5313 1.0224626747735222 5.4323441910717225 35
33 5290 0.9987056973536522 5.28315313900082 35
33 5290 0.9987056973536522 5.28315313900082 35
35 5710 0.9317365113523389 5.320215479821855 35
36 5402 0.9910483990268274 5.353643451542922 35
37 5532 0.9520519090624276 5.2667511609333495 35
38 5644 0.9113672775669094 5.1437569145876365 35
39 4950 0.9364552081964301 4.635453280572329 35
40 4345 0.994272209673339 4.320112751030658 40 
41 4041 1.014840763720755 4.100971526195571 40
42 6175 1.0346154722189078 6.388750540951756 40
43 6180 1.0293498815121083 6.361382267744829 40
44 5915 1.0310950123894622 6.098926998283669 40
45 7332 0.9668072097472403 7.088630461866766 40
46 6641 0.9835528093936569 6.531774207183275 40
47 6870 0.9923174010000029 6.81722054487002 40 
48 7525 0.9644241339626138 7.257291608068669 40 
49 6460 1.0351227054435228 6.686892677165157 40 
50 6530 1.0372975142496157 6.77355276804999 40
51 5685 1.0699490142701769 6.0826601461259555 40  
52 7815 0.927340332583696 7.2471646991415835 40
53 8037 0.8292546155612143 6.664719345265479 40
54 6545 1.027422796293486 6.724482201740867 40
55 6400 1.0123990646785812 6.4793540139429195 40
56 4755 1.115272692625221 5.303121653432926 40
57 6050 1.026235161701358 6.208722728293217 40
58 7240 1.0024125874103473 7.257467132850914 40
59 6300 1.0190517588291574 6.420026080623692 40
60 6768 1.0067196914452776 6.813478871701639 45
61 6830 1.0940844733956332 7.472596953292175 45
62 6660 0.9843853509384608 6.556006437250149 45
63 6365 1.1172904320606105 7.111553600065786 45
64 7125 1.0432156622335016 7.432911593413699 45
65 6012 1.0958868595828142 6.588471799811879 45
66 7056 1.032852338979733 7.287806103840996 45
67 6020 1.1298029302479855 6.80141364009287 45
68 7124 1.0361445641793532 7.381493875213711 45
69 7050 1.0614462228543715 7.4831958711233195 45
70 7120 1.0645989998003924 7.579944878578795 45 
71 7325 0.982425835151482 7.196269242484606 45
72 3400 1.1365693988412153 3.864335956060132 45 
73 7015 0.9904768367531799 6.948195009823556 45 
74 6850 1.0299704434849157 7.055297537871673 45 
75 6915 0.9569603790391713 6.61738102105587 45 
76 6896 1.0012737770830726 6.904783966764868 45 
77 6386 1.123790138800418 7.176523826379469 45 
78 7817 0.8676072420851806 6.782085811379857 45 
79 6851 0.9124987237839184 6.251528756643625 45 
80 6303 0.9738012714572463 6.137869413995023 50
81 6620 0.9054801360942606 5.994278500944005 50 
82 6460 1.0364180574351542 6.695260651031096 50 
83 6390 1.003299872546812 6.411086185574129 50 
84 5935 1.0867143314577996 6.449649557202041 50 
85 5650 1.1058947060444466 6.248305089151123 50
86 6556 0.9520807022680335 6.241841084069228 50 
87 5915 1.086206960705881 6.424914172575286 50
88 6710 0.8938040498493168 5.997425174488916 50 
89 5685 1.070996600769588 6.088615675375108 50
90 5955 1.0157942835424965 6.049054958495567 50
91 8945 1.0022638218409505 8.965249886367303 50 
92 8080 1.074767472383788 8.684121176861007 50
93 6685 0.9696103867794015 6.481845435620299 50 
94 6107 0.9314009034413423 5.688065317316277 50
95 6095 0.9692306210344689 5.907460635205088 50
96 5850 1.0523542639009016 6.156272443820275 50
97 5810 1.0206450722071647 5.929947869523627 50
98 5775 1.0218983169853488 5.90146278059039 50
99 6031 0.918444569969107 5.5391392014836836 50
100 8410 0.9712460868279932 8.168179590223422 55
101 6115 0.9689504774888551 5.925132169844349 55
102 5663 1.0228159248719924 5.792206582550093 55
103 8102 1.0787328819733957 8.739893809748452 55
104 5808 1.022610060264579 5.9393192300166735 55
105 4794 1.3035865420412025 6.249393882545525 55
106 5825 0.9844632884171296 5.73449865502978 55
107 6065 0.9785656046587398 5.935000392255257 55
108 5937 0.9708695141821108 5.764052305699192 55
109 5811 0.9834832300308769 5.715021049709426 55
110 7835 1.0616285265557905 8.317859505564618 55
111 5865 0.9956360358870358 5.839405350477465 55
112 8140 1.0813870550437603 8.802490628056209 55
113 8125 1.0706341959350851 8.698902841972567 55
114 7227 1.1172830252044965 8.074604423152897 55
115 8339 1.0532512823532063 8.783062443543388 55
116 7313 1.1172257870133877 8.170272180428904 55
117 7411 1.1226978394965348 8.320313688508818 55
118 8317 1.037713450691581 8.630662769401878 55
119 4460 1.1753656244825317 5.242130685192091 55
120 7220 1.1058448620984114 7.984199904350529 60
121 6989 1.126721064668337 7.874653520967008 60
122 8074 1.0598127245767262 8.556927938232487 60
123 7982 1.0921443253915852 8.717496005275635 60
124 8125 1.115372567680315 9.06240211240256 60
125 8375 1.0920461293212849 9.14588633306576 60
126 7928 1.1230350909212246 8.903422200823469 60
127 8305 1.0683417942954576 8.872578601623776 60
128 13730 0.9505725808063653 13.051361534471397 60
129 13407 0.983199187227729 13.181751503162163 60
130 13214 0.9843047218250017 13.006602594195572 60
131 11970 1.0892262480028652 13.038038188594298 60
132 7397 1.1617392141365792 8.593384966968276 60
133 7735 1.107339915544962 8.56527424674028 60
134 7435 1.148828170529318 8.54153744788548 60
135 8305 1.0187651475056958 8.460844550034805 60
136 7520 1.1338742608137045 8.526734441319057 60
137 8205 1.0490524881276244 8.607475665087158 60
138 7690 1.1026282301294914 8.47921108969579 60
139 7100 1.1755046703257712 8.346083159312975 60
140 6660 1.194692607914496 7.956652768710542 60
141 7200 1.146756608979816 8.256647584654674 65
142 7490 1.1651015686680344 8.726610749323578 65
143 8100 1.0607709139044126 8.592244402625742 65
144 7755 1.1790837345199892 9.143794361202515 65
145 13720 0.9497063418158836 13.029971009713924 65
146 8105 1.0498085356939053 8.508698181799101 65
147 7705 1.1287193617555622 8.696782682326607 65
148 7080 1.1986359035899905 8.486342197417132 65
149 7411 1.0897292764548732 8.075983667807066 65
150 6979 1.0967354481751843 7.654116692814611 65
151 6875 1.0893819013420767 7.489500571726777 65
152 6945 1.077648803736899 7.484270941952762 65
153 6107 1.2144066014659505 7.41638111515256 65
154 6753 1.099735157643963 7.426511519569682 65
155 6670 1.1268558964124649 7.516128829071141 65
156 6975 1.0481209900887867 7.310643905869288 65
157 6640 1.129007182309611 7.496607690535817 65
158 6845 1.0741055153257058 7.352252252404456 65
159 6810 1.0652277361902398 7.254200883455533 65
160 6625 1.1029828041104703 7.307261077231866 70
161 6965 1.0342643220236207 7.203651002894518 70
162 6340 1.0890885665984513 6.9048215122341805 70
163 6210 1.08089263322986 6.712343252357431 70
164 6580 1.0700755172051089 7.041096903209616 70
165 6489 1.0442675078560295 6.776251858477775 70
166 8242 1.1637909016505115 9.591964611403515 70
167 8808 1.154214157688246 10.166318300918071 70
168 9754 0.9865782701260508 9.6230844468095 70
169 8668 1.183495211464007 10.258536492970011 70
170 8250 1.195637649669164 9.864010609770602 70
171 8720 1.153408401099256 10.057721257585511 70
172 8231 1.1880633366801763 9.778949324214532 70
173 5175 1.1175188079607818 5.783159831197047 70
174 8439 1.17407654826051 9.908031990770443 70
175 8245 1.1777127449511142 9.710241582121936 70
176 8186 1.1918538517679158 9.75651563057216 70
177 8150 1.173862300611115 9.566977749980587 70
178 8376 1.1811967328220958 9.893703834117874 70
179 8441 1.1751494536086768 9.91943653791084 70
180 8947 1.1274302696163752 10.087118622257709 75
181 8485 1.1640024283296593 9.87656060437716 75
182 8500 1.1736663436324537 9.976163920875857 75
183 8185 1.1847258199115533 9.696980835976065 75
184 8907 1.0961203327081528 9.763143803431516 75
185 5850 1.088657183632753 6.368644524251605 75
186 8535 1.202733927912779 10.26533407473557 75
187 8025 1.2170728749538189 9.767009821504397 75
188 8340 1.1810332790223381 9.8498175470463 75
189 8191 1.1739212963519103 9.615589338418498 75
190 8251 1.1895614672084514 9.815071665936932 75
191 8822 1.0861141260242084 9.581698819785567 75
192 8368 1.1636715591359077 9.737603606849277 75
193 8440 1.1429644478939136 9.646619940224632 75
194 8278 1.1499756059041921 9.519498065674902 75
195 8397 1.1366878721624796 9.544768062548341 75
196 4660 1.245734249220237 5.805121601366304 75
197 8255 1.1583859937084415 9.562476378063186 75
198 8064 1.1749082570529394 9.474460184874903 75
199 8228 1.154170119879694 9.496511746370123 75